PKN_20_1.sif: 16.000000
PKN_20_4.sif: 15.000000
PKN_20_5.sif: 15.000000
PKN_20_6.sif: 15.000000
PKN_20_7.sif: 14.000000
